NAME : single_frontier
TYPE : ATSP
DIMENSION : 14
EDGE_WEIGHT_TYPE : EXPLICIT
EDGE_WEIGHT_FORMAT : FULL_MATRIX
EDGE_WEIGHT_SECTION
0 250270 1528 250228 312 815 1435 994 1521 595 595 250362 250439 1021 
0 0 1001 2247 1000000 1000000 5620 6494 3962 1000000 1000000 2500 1000000 1615 
0 1001 0 2368 4525 1000000 5986 6608 4291 1000000 1000000 2651 1000000 1625 
0 2247 2368 0 1000000 1000000 3105 8773 6343 1000000 1000000 4732 1000000 4139 
0 1000000 4525 1000000 0 2715 4858 2636 4668 1239 1201 1000000 1000000 2674 
0 1000000 1000000 1000000 2715 0 1687 5480 1000000 2552 2901 1000000 1000000 4472 
0 5620 5986 3105 4858 1687 0 7121 1000000 4657 4761 1000000 1000000 1000000 
0 6494 6608 8773 2636 5480 7121 0 1926 3605 3133 2706 1000000 3531 
0 3962 4291 6343 4668 1000000 1000000 1926 0 1000000 1000000 1426 1000000 4360 
0 1000000 1000000 1000000 1239 2552 4657 3605 1000000 0 844 1000000 1000000 2867 
0 1000000 1000000 1000000 1201 2901 4761 3133 1000000 844 0 1000000 1000000 2129 
0 2500 2651 4732 1000000 1000000 1000000 2706 1426 1000000 1000000 0 1000000 2955 
0 1000000 1000000 1000000 1000000 1000000 1000000 1000000 1000000 1000000 1000000 1000000 0 1000000 
0 1615 1625 4139 2674 4472 1000000 3531 4360 2867 2129 2955 1000000 0 
EOF