# The flower
box1:
  center: [
           -10.791,
           -13.207,
            18.000
          ]

  size:   [
            30,
            30,
            21
          ]

  orientation: 
          [
            0.731353700161, -0.681998372078, 0.000000000000, -10.791,
            0.681998372078,  0.731353700161, 0.000000000000, -13.207,
            0.000000000000,  0.000000000000, 1.000000000000,  18.000,
            0.000000000000,  0.000000000000, 0.000000000000,  1.0000
          ]

# Void deck and the buildings
box2:
  center: [
            28.119081497192,
            26.314346313477,
            40.000000000000
          ]

  size:   [
            120,
            36,
            47.5
          ]

  orientation:
          [
            0.942243218422, -0.334931910038, 0.000000000000, 28.119081497192,
            0.334931910038,  0.942243218422, 0.000000000000, 26.314346313477,
            0.000000000000,  0.000000000000, 1.000001668930, 40.000000000000,
            0.000000000000,  0.000000000000, 0.000000000000, 1.0000000000000
          ]

# Tunnels
box3:
  center: [
            59.741859436035,
            43.844612121582,
            10.095666885376
          ]

  size:   [
            37.0,
            18.0,
            12.0
          ]

  orientation:
          [
            0.984938442707, -0.133415162563, -0.109984688461, 59.741859436035,
            0.134229242802,  0.990950644016, -0.000000010000, 43.844612121582,
            0.108989320695, -0.014763169922,  0.993933618069, 10.095666885376,
            0.000000000000,  0.000000000000,  0.000000000000, 1.0000000000000
          ]
